  3.80 -2.407680e+01 -2.573310e+01
  3.84 -2.403223e+01 -2.503830e+01
  3.88 -2.398537e+01 -2.440590e+01
  3.92 -2.393605e+01 -2.382880e+01
  3.96 -2.388410e+01 -2.330270e+01
  4.00 -2.382933e+01 -2.282420e+01
  4.04 -2.377154e+01 -2.239170e+01
  4.08 -2.371054e+01 -2.200670e+01
  4.12 -2.364612e+01 -2.168180e+01
  4.16 -2.357807e+01 -2.145290e+01
  4.20 -2.350619e+01 -2.132460e+01
  4.24 -2.343027e+01 -2.134590e+01
  4.28 -2.335013e+01 -2.143050e+01
  4.32 -2.326557e+01 -2.152930e+01
  4.36 -2.317645e+01 -2.161380e+01
  4.40 -2.308263e+01 -2.166150e+01
  4.44 -2.298404e+01 -2.165510e+01
  4.48 -2.288064e+01 -2.159190e+01
  4.52 -2.277245e+01 -2.150920e+01
  4.56 -2.265961e+01 -2.141240e+01
  4.60 -2.254232e+01 -2.130850e+01
  4.64 -2.242092e+01 -2.120470e+01
  4.68 -2.229586e+01 -2.110670e+01
  4.72 -2.216777e+01 -2.101940e+01
  4.76 -2.203740e+01 -2.094130e+01
  4.80 -2.190572e+01 -2.087350e+01
  4.84 -2.177385e+01 -2.082050e+01
  4.88 -2.164307e+01 -2.078050e+01
  4.92 -2.151484e+01 -2.075470e+01
  4.96 -2.139073e+01 -2.074550e+01
  5.00 -2.127240e+01 -2.075650e+01
  5.04 -2.116156e+01 -2.078200e+01
  5.08 -2.105987e+01 -2.080080e+01
  5.12 -2.096893e+01 -2.079940e+01
  5.16 -2.089013e+01 -2.078470e+01
  5.20 -2.082467e+01 -2.076870e+01
  5.24 -2.077344e+01 -2.075900e+01
  5.28 -2.073698e+01 -2.075440e+01
  5.32 -2.071550e+01 -2.075050e+01
  5.36 -2.070884e+01 -2.075450e+01
  5.40 -2.071648e+01 -2.078880e+01
  5.44 -2.073760e+01 -2.088320e+01
  5.48 -2.077114e+01 -2.104500e+01
  5.52 -2.081581e+01 -2.122860e+01
  5.56 -2.087022e+01 -2.137370e+01
  5.60 -2.093288e+01 -2.145730e+01
  5.64 -2.100232e+01 -2.149350e+01
  5.68 -2.107708e+01 -2.150980e+01
  5.72 -2.115579e+01 -2.153450e+01
  5.76 -2.123718e+01 -2.158630e+01
  5.80 -2.132009e+01 -2.165480e+01
  5.84 -2.140353e+01 -2.171080e+01
  5.88 -2.148662e+01 -2.174240e+01
  5.92 -2.156860e+01 -2.175760e+01
  5.96 -2.164888e+01 -2.176960e+01
  6.00 -2.172694e+01 -2.178830e+01
  6.04 -2.180239e+01 -2.181150e+01
  6.08 -2.187494e+01 -2.183030e+01
  6.12 -2.194437e+01 -2.184190e+01
  6.16 -2.201052e+01 -2.185140e+01
  6.20 -2.207331e+01 -2.186900e+01
  6.24 -2.213269e+01 -2.190570e+01
  6.28 -2.218866e+01 -2.196900e+01
  6.32 -2.224126e+01 -2.205540e+01
  6.36 -2.229054e+01 -2.214880e+01
  6.40 -2.233657e+01 -2.223550e+01
  6.44 -2.237945e+01 -2.230840e+01
  6.48 -2.241929e+01 -2.236410e+01
  6.52 -2.245618e+01 -2.240330e+01
  6.56 -2.249025e+01 -2.242820e+01
  6.60 -2.252162e+01 -2.244080e+01
  6.64 -2.255040e+01 -2.244430e+01
  6.68 -2.257672e+01 -2.244110e+01
  6.72 -2.260069e+01 -2.243340e+01
  6.76 -2.262243e+01 -2.242420e+01
  6.80 -2.264206e+01 -2.241640e+01
  6.84 -2.265967e+01 -2.241340e+01
  6.88 -2.267538e+01 -2.241680e+01
  6.92 -2.268928e+01 -2.242670e+01
  6.96 -2.270148e+01 -2.244180e+01
  7.00 -2.271207e+01 -2.246030e+01
  7.04 -2.272113e+01 -2.248300e+01
  7.08 -2.272876e+01 -2.251120e+01
  7.12 -2.273502e+01 -2.254490e+01
  7.16 -2.274000e+01 -2.258190e+01
  7.20 -2.274377e+01 -2.261770e+01
  7.24 -2.274640e+01 -2.264830e+01
  7.28 -2.274795e+01 -2.267190e+01
  7.32 -2.274848e+01 -2.268830e+01
  7.36 -2.274806e+01 -2.269850e+01
  7.40 -2.274673e+01 -2.270320e+01
  7.44 -2.274455e+01 -2.270370e+01
  7.48 -2.274157e+01 -2.270080e+01
  7.52 -2.273783e+01 -2.269500e+01
  7.56 -2.273338e+01 -2.268690e+01
  7.60 -2.272826e+01 -2.267690e+01
  7.64 -2.272251e+01 -2.266550e+01
  7.68 -2.271616e+01 -2.265310e+01
  7.72 -2.270925e+01 -2.263970e+01
  7.76 -2.270181e+01 -2.262580e+01
  7.80 -2.269388e+01 -2.261110e+01
  7.84 -2.268547e+01 -2.259640e+01
  7.88 -2.267662e+01 -2.258160e+01
  7.92 -2.266736e+01 -2.256680e+01
  7.96 -2.265771e+01 -2.255190e+01
  8.00 -2.264768e+01 -2.253670e+01
  8.04 -2.263731e+01 -2.252160e+01
  8.08 -2.262661e+01 -2.250620e+01
  8.12 -2.261560e+01 -2.249120e+01
  8.16 -2.260430e+01 -2.247530e+01
