5.000e+00 8.600e-03 8.3136e-27  5.2073e-46
5.040e+00 9.430e-03 1.5151e-26  3.8127e-42
5.080e+00 1.034e-02 2.2727e-26  8.0797e-42
5.120e+00 1.134e-02 3.3902e-26  5.3104e-39
5.160e+00 1.243e-02 4.9294e-26  1.7056e-38
5.200e+00 1.363e-02 6.6239e-26  2.9987e-38
5.240e+00 1.495e-02 1.1612e-25  1.1949e-35
5.280e+00 1.639e-02 1.7124e-25  2.5222e-35
5.320e+00 1.797e-02 3.9442e-25  8.4485e-34
5.360e+00 1.970e-02 8.2297e-25  2.6537e-33
5.400e+00 2.160e-02 1.2936e-24  4.6403e-33
5.440e+00 2.369e-02 2.9473e-24  9.0531e-32
5.480e+00 2.597e-02 4.7786e-24  1.9624e-31
5.520e+00 2.848e-02 6.0650e-24  4.4273e-30
5.560e+00 3.122e-02 6.6412e-24  1.3750e-29
5.600e+00 3.424e-02 7.2764e-24  2.4026e-29
5.640e+00 3.754e-02 7.4092e-24  2.5773e-28
5.680e+00 4.116e-02 7.5426e-24  5.1898e-28
5.720e+00 4.513e-02 7.4868e-24  1.8625e-27
5.760e+00 4.949e-02 7.1942e-24  4.5494e-27
5.800e+00 5.426e-02 6.8740e-24  7.4889e-27
5.840e+00 5.950e-02 6.8310e-24  2.3399e-26
5.880e+00 6.524e-02 6.7910e-24  4.1123e-26
5.920e+00 7.153e-02 6.8909e-24  8.2753e-26
5.960e+00 7.843e-02 7.1643e-24  1.5376e-25
6.000e+00 8.600e-02 7.4644e-24  2.3167e-25
6.040e+00 9.430e-02 7.4662e-24  4.3004e-25
6.080e+00 1.034e-01 7.4608e-24  6.5012e-25
6.120e+00 1.134e-01 7.5964e-24  9.5935e-25
6.160e+00 1.243e-01 7.9039e-24  1.3723e-24
6.200e+00 1.363e-01 8.2423e-24  1.8269e-24
6.240e+00 1.495e-01 8.5762e-24  2.3339e-24
6.280e+00 1.639e-01 8.9396e-24  2.8872e-24
6.320e+00 1.797e-01 9.3206e-24  3.4184e-24
6.360e+00 1.970e-01 9.7178e-24  3.9141e-24
6.400e+00 2.160e-01 1.0154e-23  4.4586e-24
6.440e+00 2.369e-01 1.0333e-23  4.8287e-24
6.480e+00 2.597e-01 1.0521e-23  5.227e-24
6.520e+00 2.848e-01 1.0712e-23  5.6295e-24
6.560e+00 3.122e-01 1.0904e-23  6.0281e-24
6.600e+00 3.424e-01 1.1115e-23  6.4674e-24
6.640e+00 3.754e-01 1.1674e-23  7.0604e-24
6.680e+00 4.116e-01 1.2295e-23  7.7133e-24
6.720e+00 4.513e-01 1.2957e-23  8.3855e-24
6.760e+00 4.949e-01 1.3664e-23  9.0738e-24
6.800e+00 5.426e-01 1.4438e-23  9.8267e-24
6.840e+00 5.950e-01 1.4933e-23  1.0267e-23
6.880e+00 6.524e-01 1.5467e-23  1.0741e-23
6.920e+00 7.153e-01 1.5826e-23  1.107e-23
6.960e+00 7.843e-01 1.5962e-23  1.1213e-23
7.000e+00 8.600e-01 1.6111e-23  1.137e-23
7.040e+00 9.430e-01 1.5501e-23  1.0944e-23
7.080e+00 1.034e+00 1.4815e-23  1.0464e-23
7.120e+00 1.134e+00 1.4147e-23  1.0012e-23
7.160e+00 1.243e+00 1.3517e-23  9.6051e-24
7.200e+00 1.363e+00 1.2823e-23  9.1574e-24
7.240e+00 1.495e+00 1.2720e-23  9.1708e-24
7.280e+00 1.639e+00 1.2623e-23  9.1969e-24
7.320e+00 1.797e+00 1.2669e-23  9.3285e-24
7.360e+00 1.970e+00 1.2893e-23  9.5893e-24
7.400e+00 2.160e+00 1.3139e-23  9.8757e-24
7.440e+00 2.369e+00 1.3568e-23  1.0271e-23
7.480e+00 2.597e+00 1.4039e-23  1.0704e-23
7.520e+00 2.848e+00 1.4557e-23  1.1145e-23
7.560e+00 3.122e+00 1.5122e-23  1.1587e-23
7.600e+00 3.424e+00 1.5744e-23  1.2075e-23
7.640e+00 3.754e+00 1.6361e-23  1.2468e-23
7.680e+00 4.116e+00 1.7036e-23  1.2897e-23
7.720e+00 4.513e+00 1.7760e-23  1.3311e-23
7.760e+00 4.949e+00 1.8538e-23  1.3701e-23
7.800e+00 5.426e+00 1.9388e-23  1.4128e-23
7.840e+00 5.950e+00 2.0204e-23  1.4418e-23
7.880e+00 6.524e+00 2.1095e-23  1.4731e-23
7.920e+00 7.153e+00 2.2013e-23  1.5002e-23
7.960e+00 7.843e+00 2.2954e-23  1.5217e-23
8.000e+00 8.600e+00 2.3987e-23  1.5453e-23
8.040e+00 9.430e+00 2.4967e-23  1.5567e-23
8.080e+00 1.034e+01 2.6039e-23  1.5687e-23
8.120e+00 1.134e+01 2.7018e-23  1.5724e-23
8.160e+00 1.243e+01 2.7864e-23  1.5656e-23
