    1.000000e-08
    1.584893e-08
    2.511887e-08
    3.981071e-08
    6.309576e-08
    1.000000e-07
    1.584892e-07
    2.511887e-07
    3.981071e-07
    6.309576e-07
    1.000000e-06
    1.584893e-06
    2.511887e-06
    3.981071e-06
    6.309576e-06
    1.000000e-05
    1.584893e-05
    2.511887e-05
    3.981071e-05
    6.309577e-05
    1.000000e-04
    1.584893e-04
    2.511887e-04
    3.981071e-04
    6.309572e-04
    1.000000e-03
    1.584893e-03
    2.511887e-03
    3.981071e-03
    6.309573e-03
    1.000000e-02
    1.584893e-02
    2.511886e-02
    3.981072e-02
    6.309573e-02
    1.000000e-01
    1.584893e-01
    2.511886e-01
    3.981072e-01
    6.309574e-01
    1.000000e+00
