    1.000000e+02
    1.095900e+02
    1.201100e+02
    1.316300e+02
    1.442500e+02
    1.580900e+02
    1.732600e+02
    1.898800e+02
    2.080900e+02
    2.280600e+02
    2.499300e+02
    2.739100e+02
    3.001900e+02
    3.289800e+02
    3.605400e+02
    3.951300e+02
    4.330300e+02
    4.745700e+02
    5.201000e+02
    5.699900e+02
    6.246700e+02
    6.846000e+02
    7.502700e+02
    8.222400e+02
    9.011200e+02
    9.875600e+02
    1.082300e+03
    1.186100e+03
    1.299900e+03
    1.424600e+03
    1.561300e+03
    1.711000e+03
    1.875200e+03
    2.055100e+03
    2.252200e+03
    2.468300e+03
    2.705000e+03
    2.964500e+03
    3.248900e+03
    3.560600e+03
    3.902100e+03
    4.276500e+03
    4.686700e+03
    5.136300e+03
    5.629000e+03
    6.169000e+03
    6.760800e+03
    7.409400e+03
    8.120200e+03
    8.899100e+03
    9.752800e+03
    1.068800e+04
    1.171400e+04
    1.283700e+04
    1.406900e+04
    1.541900e+04
    1.689800e+04
    1.851900e+04
    2.029500e+04
    2.224200e+04
    2.437600e+04
    2.671400e+04
    2.927700e+04
    3.208500e+04
    3.516300e+04
    3.853600e+04
    4.223300e+04
    4.628400e+04
    5.072400e+04
    5.559000e+04
    6.092300e+04
    6.676700e+04
    7.317200e+04
    8.019200e+04
    8.788400e+04
    9.631500e+04
    1.055500e+05
    1.156800e+05
    1.267800e+05
    1.389400e+05
    1.522700e+05
    1.668700e+05
    1.828800e+05
    2.004300e+05
    2.196500e+05
    2.407200e+05
    2.638200e+05
    2.891300e+05
    3.168600e+05
    3.472600e+05
    3.805700e+05
    4.170800e+05
    4.570900e+05
    5.009400e+05
    5.489900e+05
    6.016500e+05
    6.593700e+05
    7.226200e+05
    7.919400e+05
    8.679100e+05
    9.511700e+05
    1.042400e+06
    1.142400e+06
    1.252000e+06
    1.372100e+06
    1.503700e+06
    1.648000e+06
    1.806100e+06
    1.979300e+06
    2.169200e+06
    2.377300e+06
    2.605400e+06
    2.855300e+06
    3.129200e+06
    3.429400e+06
    3.758400e+06
    4.118900e+06
    4.514000e+06
    4.947100e+06
    5.421600e+06
    5.941700e+06
    6.511700e+06
    7.136400e+06
    7.820900e+06
    8.571200e+06
    9.393400e+06
    1.029500e+07
    1.128200e+07
    1.236400e+07
    1.355000e+07
    1.485000e+07
    1.627500e+07
    1.783600e+07
    1.954700e+07
    2.142200e+07
    2.347700e+07
    2.573000e+07
    2.819800e+07
    3.090300e+07
    3.386700e+07
    3.711600e+07
    4.067700e+07
    4.457900e+07
    4.885500e+07
    5.354200e+07
    5.867800e+07
    6.430700e+07
    7.047600e+07
    7.723700e+07
    8.464600e+07
    9.276600e+07
    1.016700e+08
    1.114200e+08
    1.221100e+08
    1.338200e+08
    1.466600e+08
    1.607300e+08
    1.761400e+08
    1.930400e+08
    2.115600e+08
    2.318500e+08
    2.541000e+08
    2.784700e+08
    3.051900e+08
    3.344600e+08
    3.665500e+08
    4.017100e+08
    4.402400e+08
    4.824800e+08
    5.287600e+08
    5.794800e+08
    6.350700e+08
    6.960000e+08
    7.627600e+08
    8.359300e+08
    9.161200e+08
